0 0
0.085 0
0.1700 0
0.2550 0
0.3400 0
0.4250 0.228026047
0.5100 0.195115071
0.5950 0.228026047
0.6800 0.376125438
0.7650 1.154234937
0.8500 0.228026047
0.9350 1.967606197
1.0200 0
1.1050 0.204518207
1.1900 0
1.2750 0.291497214
1.3600 0.195115071
1.4450 0
1.5300 0.282094078
1.6150 0.376125438
1.7000 0.157502527
1.7850 0
1.8700 0
1.9550 0
2.0400 0
2.1250 1.539763511
2.2100 2.282611251
2.2950 1.184795129
2.3800 0.679376572
2.4650 1.605585463
2.5500 0.28914643
2.6350 1.537412727
2.7200 0.369073086
2.8050 1.231810809
2.8900 0.907402619
2.9750 1.835962293
3.0600 1.389313336
3.1450 1.560920567
3.2300 3.331060909
3.3150 1.140130233
3.4000 0.728743036
3.4850 1.75133407
3.5700 1.737229366
3.6550 1.365805496
3.7400 0.829826747
3.8250 1.885328757
3.9100 2.071040692
3.9950 2.442464562
4.0800 2.089846964
4.1650 0.385528574
4.2500 3.481511084
4.3350 1.647899575
4.4200 1.575025271
4.5050 3.902301418
4.5900 2.886762735
4.6750 2.315522227
4.7600 2.738663344
4.8450 1.619690167
4.9300 3.636662827
5.0150 2.489480242
5.1000 3.164155246
5.1850 2.336679283
5.2700 1.812454454
5.3550 2.903218223
5.4400 2.665789041
5.5250 2.496532594
5.6100 3.591997931
5.6950 2.703401584
5.7800 4.685112485
5.8650 4.029243753
5.9500 4.46413879
6.0350 4.144432168
6.1200 4.325442535
6.2050 4.772091493
6.2900 5.157620066
6.3750 4.45238487
6.4600 3.267589741
6.5450 4.450034086
6.6300 4.064505513
6.7150 4.344248807
6.8000 4.750934437
6.8850 4.94134794
6.9700 5.710054303
7.0550 4.642798373
7.1400 5.966289758
7.2250 6.043865629
7.3100 6.100284445
7.3950 7.682362068
7.4800 6.899551
7.5650 7.278027222
7.6500 7.238063894
7.7350 7.301535062
7.8200 7.637697172
7.9050 7.799901267
7.9900 7.762288723
8.0750 7.752885587
8.1600 8.455769999
8.2450 7.082912151
8.3300 8.147817297
8.4150 8.585063119
8.5000 9.259738123
8.5850 8.204236113
8.6700 9.33496321
8.7550 8.989397964
8.8400 11.27671078
8.9250 10.53856461
9.0100 11.85735443
9.0950 12.66602412
9.1800 12.31810809
9.2650 12.49911846
9.3500 12.35101906
9.4350 13.42767813
9.5200 13.505254
9.6050 13.67215967
9.6900 14.01302334
9.7750 14.89456734
9.8600 15.65387057
9.9450 17.17247702
10.0300 17.14426761
10.1150 15.89600132
10.2000 17.12781213
10.2850 19.38221397
10.3700 18.94496815
10.4550 18.86033992
10.5400 20.52469499
10.6250 21.54023367
10.7100 22.07151085
10.7950 21.88579891
10.8800 25.47779685
10.9650 24.69733656
11.0500 24.75140459
11.1350 25.748137
11.2200 26.80834058
11.3050 27.31610992
11.3900 29.47648041
11.4750 29.98895132
11.5600 29.86671055
11.6450 30.2851501
11.7300 32.72291309
11.8150 32.80754132
11.9000 33.62091257
11.9850 34.6740638
12.0700 34.94205317
12.1550 37.5514234
12.2400 37.29283716
12.3250 38.8137944
12.4100 39.80817603
12.4950 40.14668892
12.5800 41.07289781
12.6650 41.12931663
12.7500 42.83833659
12.8350 45.07863372
12.9200	44.91642963
13.0050	47.27191518
13.0900	48.94567338
13.1750	49.22776746
13.2600	50.43607043
13.3450	52.65521051
13.4300	52.92790146
13.5150	52.04870824
13.6000	54.33367028
13.6850	56.15552787
13.7700	57.12875244
13.8550	56.91012953
13.9400	59.58297092
14.0250	60.69724253
14.1100	61.46594889
14.1950	61.59994358
14.2800	63.35597922
14.3650 64.04710971
14.4500	65.61743341
14.5350	65.79139143
14.6200	67.83187193
14.7050	68.45482969
14.7900	68.16803404
14.8750	70.71863466
14.9600	71.28752439
15.0450	72.90251299
15.1300	72.89781142
15.2150	75.06993582
15.3000	74.3835069
15.3850	74.9994123
15.4700	76.61910247
15.5550	76.25708174
15.6400	77.4700627
15.7250	77.27967277
15.8100	78.24349421
15.8950	79.89374456
15.9800	80.43677566
16.0650	80.6671525
16.1500	81.61216766
16.2350	81.151414
16.3200	82.42553892
16.4050	83.4998472
16.4900	84.4096006
16.5750	84.24504572
16.6600	84.85154799
16.7450	86.26907074
16.8300	85.10073109
16.9150	86.19149486
17.0000	88.23667693
17.0850	85.85768354
17.1700	87.79237876
17.2550	87.08714356
17.3400	87.11770375
17.4250	88.02980794
17.5100	88.30249888
17.5950	88.81261901
17.6800	89.52960812
17.7650	88.66922119
17.8500	90.01386963
17.9350	90.43465996
18.0200	91.16105221
18.1050	91.21276946
18.1900	90.52869132
18.2750	90.41585369
18.3600	91.88744446
18.4450	91.53717765
18.5300	91.86158584
18.6150	92.29413009
18.7000	91.84748113
18.7850	94.44979901
18.8700	92.28942852
18.9550	93.01111921
19.0400	92.86066903
19.1250	94.24763159
19.2100	93.79393028
19.2950	94.86118621
19.3800	93.9514328
19.4650	94.74129622
19.5500	92.51040222
19.6350	94.40513411
19.7200	95.01398716
19.8050	93.70695127
19.8900	94.16770493
19.9750	95.16678812
20.0600	95.74743177
20.1450	95.244364
20.2300	95.23261008
20.3150	93.09574743
20.4000	95.57817532
20.4850	95.88847881
20.5700	96.03187663
20.6550	96.19643151
20.7400	97.08972942
20.8250	95.23731164
20.9100	96.04833212
20.9950	96.25285033
21.0800	95.58287689
21.1650	96.28105973
21.2500	97.58104328
21.3350	98.68356097
21.4200	97.40943605
21.5050	97.2848445
21.5900	97.18611157
21.6750	96.24579797
21.7600	96.90401749
21.8450	97.93601166
21.9300	98.23456123
22.0150	98.16403771
22.1000	98.42262395
22.1850	96.94163003
22.2700	97.2260749
22.3550	99.09729895
22.4400	97.66096993
22.5250	98.66240391
22.6100	97.78085992
22.6950	96.58431087
22.7800	97.59514798
22.8650	97.75265051
22.9500	98.14758222
23.0350	97.46820565
23.1200	97.29424763
23.2050	98.46258727
23.2900	97.49406427
23.3750	98.47669198
23.4600	98.44143022
23.5450	97.98537812
23.6300	99.83309434
23.7150	97.90545147
23.8000	98.20165025
23.8850	98.40616846
23.9700	98.50019982
24.0550	99.71320435
24.1400	98.76583841
24.2250	98.70706881
24.3100	98.54486471
24.3950	98.85751898
24.4800	98.41792238
24.5650	98.3709067
24.6500	99.66853946
24.7350	98.95390113
24.8200	98.35915278
24.9050	99.54394791
24.9900	99.12550836
25.0750	98.54956628
25.1600	99.2218905
25.2450	98.41557159
25.3300	99.64033005
25.4150	99.99529843
25.5000	99.28301088
25.5850	100.1763088
25.6700	99.60271751
25.7550	98.77524154
25.8400	98.71177038
25.9250	99.19838266
26.0100	98.18519476
26.0950	98.9139378
26.1800	99.51808928
26.2650	98.4884459
26.3500	99.49693223
26.4350	99.66148711
26.5200	99.83074355
26.6050	99.60271751
26.6900	99.83544512
26.7750	100
26.8600	99.02912621
26.9450	97.86548814
27.0300	98.07470792
27.1150	98.36620513
27.2000	99.19838266
27.2850	100
27.3700	99.77197395
27.4550	99.84719904
27.5400	98.42732551
27.6250	98.88337761
27.7100	98.69531489
27.7950	99.44521498
27.8800	99.39584852
27.9650	97.44469781
28.0500	99.33707892
28.1350	98.18754555
28.2200	98.02299067
28.3050	98.82930957
28.3900	99.56980653
28.4750	98.79169703
28.5600	98.4296763
28.6450	98.56367098
28.7300	99.03852935
28.8150	99.76727239
28.9000	99.01737229
28.9850	99.61682221
29.0700	99.36528832
29.1550	99.30886951
29.2400	99.27125696
29.3250	99.04793249
29.4100	98.98916289
29.4950	99.15606855
29.5800	97.85138344
29.6650	99.15371776
29.7500	97.59514798
29.8350	98.67415783
29.9200	98.58012647
30.0050	98.19929947
30.0900	98.19929947
30.1750	98.46023649
30.2600	98.43202708
30.3450	98.26041985
30.4300	97.64216366
30.5150	97.93601166
30.6000	98.36855591
30.6850	98.42732551
30.7700	98.45083335
30.8550	98.27922612
30.9400	98.5754249
31.0250	96.15881897
31.1100	97.9289931
31.1950	97.32245704
31.2800	96.73946261
31.3650	98.0770587
31.4500	97.50816897
31.5350	98.34504807
31.6200	98.32859259
31.7050	96.37038952
31.7900	96.89226357
31.8750	96.5796093
31.9600	96.26460425
32.0450	97.55283387
32.1300	96.04598133
32.2150	95.63929571
32.3000	95.34544771
32.3850	95.55701827
32.4700	95.42067279
32.5550	95.72392393
32.6400	95.90258351
32.7250	94.92700816
32.8100	95.17148969
32.8950	94.63786173
32.9800	94.75775171
33.0650	94.59554762
33.1500	94.36046922
33.2350	94.56733821
33.3200	93.7469146
33.4050	93.394297
33.4900	93.05813489
33.5750	93.22033898
33.6600	92.64204612
33.7450	92.16013541
33.8300	93.98669456
33.9150	91.22217259
34.0000	91.00825125
34.0850	91.21747103
34.1700	91.21276946
34.2550	90.94948165
34.3400	89.92689062
34.4250	89.49669715
34.5100	88.61750394
34.5950	88.11678695
34.6800	88.65511648
34.7650	87.73831073
34.8500	87.10124827
34.9350	87.43741038
35.0200	88.06977127
35.1050	86.37955758
35.1900	86.9061332
35.2750	86.84971438
35.3600	84.51068431
35.4450	85.06076777
35.5300	83.07905687
35.6150	83.76548579
35.7000	82.71233456
35.7850	82.76405181
35.8700	80.29102706
35.9550	80.29807941
36.0400	79.2284727
36.1250	78.95108019
36.2100	78.12595501
36.2950	77.16213357
36.3800	76.70608148
36.4650	75.30971579
36.5500	74.44932885
36.6350	74.32003573
36.7200	72.75206281
36.8050	72.51463363
36.8900	69.41865112
36.9750	69.64432638
37.0600	69.22118527
37.1450	68.70871436
37.2300	66.11579962
37.3150	66.05467924
37.4000	64.81346529
37.4850	63.58870683
37.5700	62.70246127
37.6550	61.29669245
37.7400	60.37283434
37.8250	58.91299748
37.9100	57.1640142
37.9950	56.37650156
38.0800	55.92750182
38.1650	54.0515762
38.2500	53.19118926
38.3350	51.60441007
38.4200	52.58938856
38.5050	50.3631613
38.5900	48.2380874
38.6750	47.5634124
38.7600	45.31841369
38.8450	45.13035097
38.9300	44.07249818
39.0150	43.37666612
39.1000	42.04612238
39.1850	41.28681915
39.2700	39.75645878
39.3550	38.84670538
39.4400	37.29518795
39.5250	36.86029291
39.6100	34.88563436
39.6950	34.10987564
39.7800	34.05345683
39.8650	33.63736806
39.9500	32.18928513
40.0350	31.44878817
40.1200	29.85025506
40.2050	29.00867439
40.2900	28.34575331
40.3750	26.15717342
40.4600	26.62497943
40.5450	26.47923082
40.6300	25.15809022
40.7150	25.47074449
40.8000	23.22104422
40.8850	22.00098733
40.9700	22.20080397
41.0550	21.36157408
41.1400	20.78328122
41.2250	20.89846964
41.3100	18.2467853
41.3950	17.9388326
41.4800	17.75547145
41.5650	17.6308799
41.6500	17.53919932
41.7350	14.91807518
41.8200	17.06904253
41.9050	15.46815863
41.9900	12.75300313
42.0750	14.55605444
42.1600	14.53724817
42.2450	14.60307012
42.3300	14.53724817
42.4150	13.92369355
42.5000	14.90632126
42.5850	14.27631115
42.6700	12.6542702
42.7550	12.25698771
42.8400	11.35663744
42.9250	12.01015539
43.0100	11.22029197
43.0950	10.99931827
43.1800	9.98377959
43.2650	10.63494675
43.3500	9.205670091
43.4350	8.881261901
43.5200	9.642915912
43.6050	9.633512777
43.6900	9.758104328
43.7750	8.580361551
43.8600	9.471308681
43.9450	9.44074849
44.0300	8.876560333
44.1150	7.933895954
44.2000	7.120524695
44.2850	7.315639766
44.3700	6.880744728
44.4550	5.89106467
44.5400	7.774042643
44.6250	5.84404899
44.7100	6.363572251
44.7950	4.395966055
44.8800	5.68823903
44.9650	5.691248031
45.0500	5.719457439
45.1350	5.594865888
45.2200	6.709137497
45.3050	5.738263711
45.3900	3.841181034
45.4750	3.718940267
45.5600	4.967206563
45.6450	3.627259691
45.7300	4.205552552
45.8150	2.646982769
45.9000	3.512071276
45.9850	2.945532335
46.0700	3.4203907
46.1550	4.482945062
46.2400	3.020757423
46.3250	3.824725546
46.4100	3.73304497
46.4950	4.008086697
46.5800	3.627259691
46.6650	3.606102635
46.7500	4.55817015
46.8350	1.748983286
46.9200	1.638496439
47.0050	2.961987823
47.0900	1.824208373
47.1750	3.124191918
47.2600	2.684595313
47.3450	1.03199417
47.4300	2.534145137
47.5150	0.728743036
47.6000 1.887679541
47.6850 1.264721785
47.7700 1.196549049
47.8550 0
47.9400 0
48.0250 0
48.1100 0
48.1950 0
48.2800 0
