0 0
0.085 0
0.17 0
0.255 0.233469524	
0.34 0.269601712
0.425 0
0.51 2.067872926	
0.595 1.086745046	
0.68 2.306901248	
0.765 3.980099502	
0.85 4.444259151	
0.935 4.241363017
1.02 5.00013897
1.105 6.150810195
1.19 7.045776703
1.275 6.025737236	
1.36 7.843464243	
1.445 9.605603269
1.53 10.1336891
1.615 12.49617833
1.7 12.96589677
1.785 13.46896801
1.87 12.52397232	
1.955 13.04094055		
2.04 16.65415937		
2.125 17.4629645		
2.21 17.4907585
2.295 17.73534562	
2.38 17.81316879	
2.465 18.73314989	
2.55 20.231246
2.635 20.29795158	
2.72 23.0106451
2.805 25.63161844	
2.89 23.51371633	
2.975 23.4497901
3.06 27.65502098
3.145 27.93851969
3.23 27.20197893
3.315 27.79399094
3.4 28.56388449
3.485 29.63673254
3.57 29.88965786
3.655 33.26384836
3.74 33.41671531
3.825 32.99980544
3.91 36.17943801
3.995 35.06489897
4.08 35.92929209
4.165 36.40017788
4.25 36.88818477
4.335 39.49248173
4.42 41.29353234
4.505 41.47697268
4.59 43.37530226
4.675 43.35306707
4.76 45.42649879
4.845 45.47930737
4.93 45.62383613
5.015 45.01236833
5.1 45.91567303
5.185 47.5444009
5.27 48.64504294
5.355 50.73237166
5.44 51.34661886
5.525 50.76016565
5.61 53.6757553
5.695 53.58959393
5.78 54.6124128
5.865 53.18658106
5.95 53.03649351
6.035 54.95983768
6.12 55.78253981
6.205 58.14224965
6.29 58.41185136
6.375 60.22679897
6.46 59.38742044
6.545 59.76541872
6.63 61.01058951
6.715 60.94110453
6.8 61.6637483
6.885 64.55432336
6.97 63.06456544
7.055 64.27638345
7.14 65.6494066
7.225 65.61883321
7.31 65.6438478
7.395 67.57830957
7.48 69.53500653
7.565 68.92075933
7.65 67.61166236
7.735 69.44884516
7.82 70.04641596
7.905 70.43553184
7.99 70.73570694
8.075 69.48497735
8.16 72.15042108
8.245 72.61458073
8.33 73.86253092
8.415 74.38783735
8.5 74.17382362
8.585 72.95088802
8.67 74.68245365
8.755 75.4662442
8.84 74.92148198
8.925 75.28558326
9.01 77.27563301
9.095 78.77928792
9.18 76.90875233
9.265 77.58414631
9.35 79.64368104
9.435 79.05444843
9.52 78.65977376
9.605 78.8432141
9.69 79.92440034
9.775 79.95219434
9.86 80.3718836
9.945 81.34189388
10.03 81.84218572
10.115 81.71711276
10.2 82.08677284
10.285 82.22574279
10.37 82.98729815
10.455 82.79551961
10.54 82.53981489
10.625 84.46871786
10.71 82.91781317
10.795 84.61046722
10.88 84.90786292
10.965 85.5804775
11.05 84.88562773
11.135 85.33033158
11.22 83.93507324
11.305 86.63109036
11.39 87.22310237
11.475 86.5115762
11.56 88.07359849
11.645 86.41985603
11.73 88.334862
11.815 86.48378221
11.9 87.44545429
11.985 90.31935296
12.07 87.84290836
12.155 88.69340449
12.24 87.99855471
12.325 90.01083966
12.41 87.80955557
12.495 88.6628311
12.58 90.33880875
12.665 89.49665082
12.75 90.39717613
12.835 90.1831624
12.92 90.93082076
13.005 87.16473498
13.09 88.69618389
13.175 90.15536841
13.26 92.18155035
13.345 89.96636927
13.43 91.37552461
13.515 90.54448428
13.6 90.36382334
13.685 91.17818728
13.77 90.28600017
13.855 92.41224047
13.94 92.91809111
14.025 91.58953834
14.11 90.96139415
14.195 91.73962589
14.28 92.44837266
14.365 92.46504906
14.45 92.24825593
14.535 92.86806193
14.62 93.14878123
14.705 93.52677951
14.79 95.05266961
14.875 94.37171683
14.96 93.72411685
15.045 94.1854971
15.13 95.03321382
15.215 94.15214431
15.3 94.63853915
15.385 93.12376664
15.47 94.09099753
15.555 92.76800356
15.64 94.05486534
15.725 95.14994858
15.81 94.42452542
15.895 92.9570027
15.98 94.81920009
16.065 94.7747297
16.15 96.36176659
16.235 95.78643097
16.32 92.97089969
16.405 96.36454599
16.49 96.15609105
16.575 94.88034687
16.66 96.05047389
16.745 95.7141666
16.83 95.00541983
16.915 95.91428333
17 96.27282582
17.085 96.27004642
17.17 95.33338892
17.255 97.00936657
17.34 96.28950221
17.425 96.05047389
17.51 95.44734428
17.595 93.88810139
17.68 94.33280525
17.765 94.85255288
17.85 96.36176659
17.935 96.6313683
18.02 97.28452709
18.105 96.28950221
18.19 96.80924984
18.275 98.48522749
18.36 96.75922066
18.445 96.08938547
18.53 95.85869535
18.615 97.64306957
18.7 95.83923956
18.785 97.62083438
18.87 96.44514856
18.955 96.55910392
19.04 97.79037772
19.125 97.05383696
19.21 97.97381806
19.295 96.19500264
19.38 96.59245671
19.465 97.63195197
19.55 97.69865755
19.635 98.69090303
19.72 98.37683093
19.805 97.70421635
19.89 98.31846355
19.975 96.51185414
20.06 97.48186442
20.145 97.01770477
20.23 97.73201034
20.315 99.23288585
20.4 98.13502321
20.485 97.94046527
20.57 98.14336141
20.655 98.33236054
20.74 98.20172879
20.825 98.68256483
20.91 99.30515023
20.995 99.81655966
21.08 98.4685511
21.165 99.00219573
21.25 98.49356569
21.335 96.80369104
21.42 96.42569277
21.505 96.79813224
21.59 97.03438117
21.675 96.06437088
21.76 98.70202062
21.845 98.31846355
21.93 98.50746269
22.015 98.70480002
22.1 99.36351761
22.185 99.46079658
22.27 99.24122405
22.355 98.37405153
22.44 98.71313822
22.525 98.1461408
22.61 98.22118458
22.695 99.49970816
22.78 96.72308847
22.865 98.41574252
22.95 99.63589872
23.035 99.64423692
23.12 98.05164124
23.205 99.84713305
23.29 99.28291503
23.375 98.34625754
23.46 99.40242919
23.545 98.97162234
23.63 99.34406181
23.715 98.39350732
23.8 99.63589872
23.885 99.13838628
23.97 99.03832791
24.055 98.26009617
24.14 98.89657856
24.225 100
24.31 97.47908502
24.395 98.36293393
24.48 97.82928931
24.565 99.05778371
24.65 97.69865755
24.735 98.91603435
24.82 99.27735624
24.905 97.12332194
24.99 97.65974596
25.075 99.01609272
25.16 99.28291503
25.245 99.11059229
25.33 99.25512104
25.415 99.27735624
25.5 100.1195142
25.585 97.06217516
25.67 97.88487729
25.755 98.33236054
25.84 98.49356569
25.925 99.56363434
26.01 100.3029545
26.095 97.48186442
26.18 98.59084466
26.265 97.02048417
26.35 98.00717085
26.435 98.05720003
26.52 98.32402235
26.605 99.91661803
26.69 98.17949359
26.775 99.93051502
26.86 99.28291503
26.945 99.27735624
27.03 96.14497346
27.115 99.58586954
27.2 98.4741099
27.285 100.0750438
27.37 99.23010645
27.455 98.66310904
27.54 97.66530476
27.625 98.06553823
27.71 98.1711554
27.795 99.58586954
27.88 98.28511076
27.965 99.0827983
28.05 98.4768893
28.135 99.44134078
28.22 97.61527558
28.305 98.38794853
28.39 98.43519831
28.475 99.45523778
28.56 98.4602129
28.645 98.84654938
28.73 97.20392451
28.815 96.79813224
28.9 99.66925151
28.985 98.07665583
29.07 100.8616137
29.155 99.0772395
29.24 98.80485839
29.325 97.46240863
29.41 96.6258095
29.495 99.21343006
29.58 99.05222491
29.665 97.94880347
29.75 98.42686011
29.835 98.31290475
29.92 97.90711248
30.005 98.60196226
30.09 97.65696656
30.175 99.17729787
30.26 97.77370133
30.345 97.70421635
30.43 96.76477945
30.515 96.47016315
30.6 94.10767392
30.685 97.60415798
30.77 99.19675366
30.855 99.09669529
30.94 97.14277773
31.025 99.06056311
31.195 98.84376998
31.28 97.13166014
31.365 97.91823008
31.45 96.9315434
31.535 96.16998805
31.62 97.09552795
31.705 96.14497346
31.79 98.48800689
31.875 97.21226271
31.96 96.74254426
32.045 98.00717085
32.13 97.07607215
32.215 97.82650991
32.3 95.68081381
32.385 96.67583868
32.47 95.95597432
32.555 95.48903527
32.64 98.01272965
32.725 96.05881208
32.81 95.57519664
32.895 96.36176659
32.98 96.37566358
33.065 95.35284471
33.15 96.84538203
33.235 96.13385586
33.32 95.60577003
33.405 96.0226799
33.49 96.65638289
33.575 96.34231079
33.66 94.1604825
33.745 95.18608077
33.83 95.45290308
33.915 94.36059924
34 94.87756747
34.085 94.71636232
34.17 97.08441035
34.255 96.28394341
34.34 96.3311932
34.425 94.72747992
34.51 93.92979238
34.595 94.19939409
34.68 95.6974902
34.765 94.72470052
34.85 94.95539064
34.935 93.65741127
35.02 94.76361211
35.105 95.35562411
35.19 92.25103533
35.275 92.45115206
35.445 93.06539926
35.53 94.20495289
35.615 92.96256149
35.7 91.94252203
35.785 93.36835376
35.87 90.83910059
35.955 94.71358292
36.04 91.53395036
36.125 93.49620612
36.21 90.67233664
36.295 92.49006365
36.38 91.62289113
36.465 90.46110231
36.55 90.36938214
36.635 91.58953834
36.72 91.67292031
36.805 89.47719503
36.89 91.83134606
36.975 90.67233664
37.06 91.13649629
37.145 90.03029545
37.23 90.22763279
37.315 88.954668
37.4 88.59612552
37.485 88.78790406
37.57 87.97909892
37.655 88.42102337
37.74 89.22426971
37.825 88.42102337
37.91 88.07637789
37.995 88.0485839
38.08 86.34481225
38.165 86.52825259
38.25 84.72998138
38.335 86.56160538
38.42 86.67278134
38.505 87.17029378
38.59 86.2030629
38.675 84.3603213
38.76 85.22471442
38.845 86.17526891
38.93 84.3464243
39.015 83.92117624
39.1 84.59101142
39.185 82.33413936
39.27 84.69106979
39.355 82.78440201
39.44 82.73715223
39.525 82.48700631
39.61 82.40362434
39.695 82.74271103
39.78 80.86939604
39.865 80.6720587
39.95 80.43025098
40.035 79.70204842
40.12 79.79098919
40.205 79.17952139
40.29 79.1433892
40.375 76.61969482
40.46 76.78367937
40.545 78.66811195
40.63 76.10550599
40.715 75.34395064
40.8 74.10433864
40.885 75.7803163
40.97 74.50457211
41.055 72.84805025
41.14 72.63959532
41.225 72.13930348
41.31 73.15656355
41.395 72.35053781
41.48 71.7640846
41.565 71.13038161
41.65 70.05197476
41.735 67.74507352
41.82 68.29817393
41.905 68.18421857
41.99 66.68612246
42.075 64.65716112
42.16 64.87951305
42.245 64.34030963
42.33 64.7238667
42.415 62.39473026
42.5 62.70602296
42.585 63.03121265
42.67 63.00063926
42.755 60.52975347
42.84 60.07671141
42.925 60.79657578
43.01 60.96611913
43.095 58.86211401
43.18 57.81150115
43.265 55.2099836
43.35 55.28224798
43.435 55.30170377
43.52 53.13099308
43.605 49.95136052
43.69 52.4583785
43.775 50.83798883
43.86 52.18321799
43.945 45.83784986
44.03 47.73340004
44.115 46.9440507
44.2 45.94346702
44.285 45.17079407
44.37 45.96848161
44.455 44.66494344
44.54 45.25695545
44.625 44.41757692
44.71 41.19069457
44.795 40.63203535
44.88 37.02715473
44.965 35.2789127
45.05 30.55949304
45.135 28.29150338